%YAML:1.0
description: "0"
samples:
   - !!opencv-matrix
      rows: 198
      cols: 1
      dt: d
      data: [ -2.0471024482802072e+01, -1.9832003501601783e+01,
          -1.8902489362754242e+01, -1.7597440022608307e+01,
          -1.5501200079803317e+01, -1.2237044157499687e+01,
          -8.1895441953723864e+00, -3.6640391070669711e+00,
          1.3317235809217087e+00, 6.2600171853594588e+00,
          1.0472716948233669e+01, 1.4112162850655677e+01,
          1.6970136496194023e+01, 1.8632929644524339e+01,
          1.9331562247503637e+01, 1.9526679482030517e+01,
          1.9364607041927474e+01, -1.6993935650272149e+01,
          -1.4796993194235204e+01, -1.1973199530533476e+01,
          -8.9565671637361213e+00, -6.0026004270193871e+00,
          3.4058581432677708e+00, 5.9635242650125342e+00,
          8.7225122348292885e+00, 1.1498101677624518e+01,
          1.3988473064705056e+01, -4.7193667590728039e-01,
          -2.2986925982311435e-01, 8.1341877851403011e-03,
          2.3766829360015657e-01, -3.7106831473935493e+00,
          -1.6461776872316241e+00, 4.9971532756094328e-01,
          2.5232406585396028e+00, 4.4229753791573243e+00,
          -1.2424980911749863e+01, -1.0489945705863139e+01,
          -8.1999002595710486e+00, -6.2132507029809849e+00,
          -8.2767148082607722e+00, -1.0390561560187829e+01,
          4.8263642188538078e+00, 6.6053185753118884e+00,
          8.8656239979157583e+00, 1.0947640231131002e+01,
          9.0363685257637201e+00, 6.9330469864365032e+00,
          -9.3453732122042847e+00, -6.4707901572031217e+00,
          -3.0505520621434581e+00, 5.2157117020195121e-01,
          3.9978449503450535e+00, 7.4237683754205950e+00,
          1.0365949924185301e+01, 8.3579536659501557e+00,
          5.1371244079446843e+00, 1.0441910493830184e+00,
          -3.1574814986703781e+00, -6.7459755029078252e+00,
          -4.2302790351654194e+00, 6.3881361045304830e-01,
          5.4002480031398505e+00, 5.9522268237191422e+00,
          9.2638554162722042e-01, -4.2757666345155201e+00,
          -5.7919881558686468e+00, -6.7201559526144039e-01,
          4.4325652326180904e+00, 9.3579487971899056e+00,
          1.3797367581156244e+01, 1.7364147927848478e+01,
          2.0100673911033180e+01, 2.2061403092368241e+01,
          2.2426552722137597e+01, 2.1416988628784623e+01,
          1.8788549062109755e+01, 1.5495188653206752e+01,
          1.1562047079407288e+01, 7.0015884372783210e+00,
          2.1321874900831101e+00, -2.8590815809525125e+00,
          -7.8426643495743482e+00, -1.4555990442163891e+01,
          -1.6595501779216907e+01, -1.7668080814352280e+01,
          -1.7815006372298086e+01, -1.7263031970898414e+01,
          -1.7840276620179242e+01, -1.8845486844284078e+01,
          -1.9228421496603833e+01, -1.8910054877389332e+01,
          -1.7641644738102986e+01, -1.0764421990017322e+01,
          -7.6578426276316165e+00, -4.5747512491341205e+00,
          -1.4991911125140744e+00, 1.4087420212257782e+00,
          1.9163969100903058e+00, 2.0313472433054116e+00,
          1.6374404452445628e+00, 8.5166886956575327e-01,
          -9.1137838697113072e+00, -1.0265443130968556e+01,
          -1.0369536433192408e+01, -9.3609499341696658e+00,
          -8.8583586887310162e+00, -8.7095313261139911e+00,
          -1.0139617953271461e+01, -1.1429922991155083e+01,
          -1.1731603459069369e+01, -1.0886132573201980e+01,
          -1.0126101582804317e+01, -9.9560105935749981e+00,
          7.4455946466637251e+00, 5.6754251981877815e+00,
          4.6775366244771055e+00, 4.5400391761543935e+00,
          4.2054489996803470e+00, 4.7346091198048406e+00,
          6.1496856843567738e+00, 9.6849918129573656e+00,
          1.2263429750235209e+01, 1.3138248122073852e+01,
          1.2787931868352320e+01, 1.0663455290882235e+01,
          6.6475905256586438e+00, 6.3256571246037856e+00,
          6.0105102722455479e+00, 9.4843379392715725e+00,
          1.0576380993450009e+01, 1.0178903972804166e+01,
          2.1533981213689607e+01, 2.0928693574915382e+01,
          2.0531572627989803e+01, 1.8302180254579394e+01,
          1.3561198483733843e+01, 8.0132479501184370e+00,
          3.1191169778685683e+00, -9.1977716838883594e-01,
          -4.5747189987980841e+00, -1.0080537564730587e+00,
          3.0933155013288802e+00, 8.0117836315904540e+00,
          1.3585581257011411e+01, 1.8266596633870975e+01,
          2.0646417514519420e+01, 2.1062490831827731e+01,
          2.1590247007882926e+01, 3.6430580520552774e-01,
          -1.4056512021259693e+00, -2.8659665386154138e+00,
          -4.1319140659912019e+00, -5.2797410306191761e+00,
          -5.2196382133132486e+00, -3.9655363761173095e+00,
          -2.6307404108447621e+00, -1.0968741954472794e+00,
          6.2115487215948673e-01, -4.8998154560884997e+00,
          -7.8174502429833543e+00, -1.0836953099454409e+01,
          -1.3691012376672687e+01, -6.8163360141471916e+00,
          -7.4552651435944615e+00, -8.0318117812798402e+00,
          -7.4283615575559487e+00, -6.8029563603621073e+00,
          -5.9713907046382797e-01, -1.0353252266695203e+00,
          -1.4779554202167406e+00, -1.2224785963047664e+00,
          -1.1528781736956046e+00, -1.0964764383607839e+00,
          -1.0561664103234309e+00, -1.3306033429795772e+00,
          -8.6784899058335896e-01, -3.9560233750456875e-01,
          -9.1448474628354848e-01, -9.6365484710505778e-01,
          -2.5331179901257181e+00, -4.7483567179443256e+00,
          -6.4280622657616808e+00, -8.2595925208868017e+00,
          -6.3562090032738237e+00, -4.6482273653494950e+00,
          -2.4363105374075844e+00, -4.0133071065944126e+00,
          -5.1834758970366197e+00, -6.5617540546264790e+00,
          -5.1973063386926643e+00, -3.9849077830190387e+00,
          -5.2863450000730987e+00, -7.8700625783411340e+00,
          -5.1838652635405786e+00, -4.4977198186374832e+00,
          -6.5244579063738737e+00, -4.5295086041784334e+00 ]
   - !!opencv-matrix
      rows: 198
      cols: 1
      dt: d
      data: [ -1.9514230868779386e+01, -1.8828076074404034e+01,
          -1.7833326206840255e+01, -1.6629350999632685e+01,
          -1.4848689374969165e+01, -1.1876106583925539e+01,
          -7.9359045310548346e+00, -3.4589312869474185e+00,
          1.5157734799078746e+00, 6.4197915372509211e+00,
          1.0552870922671898e+01, 1.4012124923315305e+01,
          1.6414489361424817e+01, 1.7596661753499195e+01,
          1.8123413828210882e+01, 1.8376948796016375e+01,
          1.8288099079068527e+01, -1.6811759609878077e+01,
          -1.4658661839749092e+01, -1.1849824000854834e+01,
          -8.8631884457757906e+00, -5.9542623212581098e+00,
          3.2691355445029715e+00, 5.8960750498043408e+00,
          8.7130796119765535e+00, 1.1519331433556324e+01,
          1.3925630476348491e+01, -5.9134438786240684e-01,
          -3.6640226605449261e-01, -1.4303953485515336e-01,
          7.6932422577654910e-02, -2.8957178313969729e+00,
          -1.2843456578848613e+00, 3.6457619526724061e-01,
          1.9600212536840251e+00, 3.4830184053275159e+00,
          -1.1584033140033547e+01, -9.9859937264013894e+00,
          -7.7982202586416189e+00, -6.1541359024474795e+00,
          -7.9152941953090794e+00, -9.8626577564234310e+00,
          4.6914933555611684e+00, 6.0747249231261780e+00,
          8.2206632827261608e+00, 9.9969396376964603e+00,
          8.4551374772710179e+00, 6.5308865817307797e+00,
          -6.7988239539474185e+00, -4.4532756213755853e+00,
          -2.0712857194265175e+00, 5.8659900106935736e-01,
          3.1896861507791030e+00, 5.6817556409454149e+00,
          8.1224653944180059e+00, 6.2098238549107529e+00,
          3.6958153965551723e+00, 9.1630794016154626e-01,
          -1.9075050472042197e+00, -4.5788116023396546e+00,
          -2.1625887424078183e+00, 7.1696771631553247e-01,
          3.5711658002398488e+00, 3.6228859554855442e+00,
          7.5921091091767745e-01, -2.1298746034766975e+00,
